Voltajes:
Dinodo 1: 100V, azul
Dinodo 2: 300V, rojo
etc.
etc.
etc.
etc.
Anodo: 1000V, negro

Geometria:
# Cara exterior del cilindro que engloba todo
(-19.100000,-1.100000) (-19.100000,74.000000) (19.100000,74.000000) (19.100000,-1.100000)
# Cara interior del cilindro (la parte que es un arco coincide con el fotocatodo)
(-18.000000,5.000000) (-18.000000,68.000002) (-17.663829,68.172734) (-17.326000,68.342201) (-16.986545,68.508388) (-16.645497,68.671279) (-16.302887,68.830859) (-15.958747,68.987113) (-15.613110,69.140026) (-15.266008,69.289584) (-14.917473,69.435772) (-14.567539,69.578578) (-14.216238,69.717987) (-13.863603,69.853987) (-13.509667,69.986565) (-13.154463,70.115708) (-12.798026,70.241405) (-12.440387,70.363643) (-12.081581,70.482411) (-11.721642,70.597698) (-11.360603,70.709493) (-10.998498,70.817785) (-10.635360,70.922565) (-10.271225,71.023823) (-9.906126,71.121548) (-9.540098,71.215733) (-9.173175,71.306367) (-8.805391,71.393443) (-8.436780,71.476953) (-8.067378,71.556888) (-7.697219,71.633241) (-7.326338,71.706005) (-6.954769,71.775173) (-6.582548,71.840739) (-6.209710,71.902696) (-5.836288,71.961039) (-5.462319,72.015762) (-5.087837,72.066860) (-4.712878,72.114328) (-4.337477,72.158162) (-3.961669,72.198357) (-3.585489,72.234911) (-3.208973,72.267818) (-2.832156,72.297078) (-2.455072,72.322685) (-2.077759,72.344639) (-1.700251,72.362937) (-1.322583,72.377578) (-0.944790,72.388560) (-0.566910,72.395881) (-0.188976,72.399542) (0.188976,72.399542) (0.566910,72.395881) (0.944790,72.388560) (1.322583,72.377578) (1.700251,72.362937) (2.077759,72.344639) (2.455072,72.322685) (2.832156,72.297078) (3.208973,72.267818) (3.585489,72.234911) (3.961669,72.198357) (4.337477,72.158162) (4.712878,72.114328) (5.087837,72.066860) (5.462319,72.015762) (5.836288,71.961039) (6.209710,71.902696) (6.582548,71.840739) (6.954769,71.775173) (7.326338,71.706005) (7.697219,71.633241) (8.067378,71.556888) (8.436780,71.476953) (8.805391,71.393443) (9.173175,71.306367) (9.540098,71.215733) (9.906126,71.121548) (10.271225,71.023823) (10.635360,70.922565) (10.998498,70.817785) (11.360603,70.709493) (11.721642,70.597698) (12.081581,70.482411) (12.440387,70.363643) (12.798026,70.241405) (13.154463,70.115708) (13.509667,69.986565) (13.863603,69.853987) (14.216238,69.717987) (14.567539,69.578578) (14.917473,69.435772) (15.266008,69.289584) (15.613110,69.140026) (15.958747,68.987113) (16.302887,68.830859) (16.645497,68.671279) (16.986545,68.508388) (17.326000,68.342201) (17.663829,68.172734) (18.000000,68.000002) (18.000000,5.000000)
# Grid parte 1
(-14.644849,40.000000) (-14.644849,39.875000) (-14.644849,39.750000) (-16.500000,39.750000) (-16.500000,40.000000) (-16.500000,65.000000) (-15.969653,65.000000) (-15.969653,52.500000) (-15.969653,40.000000) (-15.291856,40.000000)
# Grid parte 2
(14.644849,40.000000) (14.644849,39.875000) (14.644849,39.750000) (16.500000,39.750000) (16.500000,40.000000) (16.500000,65.000000) (15.969653,65.000000) (15.969653,52.500000) (15.969653,40.000000) (15.291856,40.000000)
# Dinodo 1
(0.666165,28.016213) (-0.503402,28.471108) (-0.849234,28.655897) (-1.195066,28.840687) (-1.513200,29.069897) (-1.831333,29.299108) (-2.116098,29.568656) (-2.400862,29.838203) (-2.647182,30.143283) (-2.893501,30.448362) (-3.096985,30.783535) (-3.300469,31.118708) (-4.450234,34.409354) (-5.600000,37.700001) (-7.770270,37.700001) (-10.000000,37.700001) (-10.000000,37.600000) (-10.000000,37.500000) (-7.900000,37.500000) (-5.800000,37.500000) (-4.674383,34.260614) (-3.548766,31.021229) (-3.315989,30.674781) (-3.083212,30.328333) (-2.810303,30.012529) (-2.537395,29.696726) (-2.228349,29.416188) (-1.919303,29.135651) (-1.578642,28.894484) (-1.237982,28.653317) (-0.870692,28.455052) (-0.503402,28.256786) (0.653862,27.811479) (1.811127,27.366171) (2.132352,27.292926) (2.453578,27.219681) (2.782153,27.195401) (3.110727,27.171122) (3.439230,27.196356) (3.767733,27.221589) (4.088744,27.295767) (4.409755,27.369944) (4.716025,27.491390) (5.022296,27.612836) (5.306908,27.778808) (5.591520,27.944779) (5.848046,28.151528) (6.104572,28.358276) (6.327219,28.601133) (6.549866,28.843990) (6.733603,29.117470) (6.917341,29.390949) (6.852220,29.468611) (6.788836,29.544201) (6.610828,29.278458) (6.432821,29.012714) (6.217113,28.776546) (6.001406,28.540379) (5.752837,28.339085) (5.504269,28.137791) (5.228418,27.975890) (4.952567,27.813989) (4.655626,27.695113) (4.358685,27.576239) (4.047317,27.503058) (3.735949,27.429878) (3.417142,27.404034) (3.098335,27.378189) (2.779245,27.400261) (2.460155,27.422333) (2.147944,27.491826) (1.835732,27.561318)
# Dinodo 2
(3.923669,37.647877) (4.088186,37.735136) (4.252703,37.822395) (4.426696,37.888777) (4.600690,37.955158) (4.781522,37.999655) (4.962355,38.044151) (5.147284,38.066086) (5.332213,38.088020) (5.518437,38.087065) (5.704661,38.086109) (5.889356,38.062275) (6.074051,38.038441) (6.254416,37.992090) (6.434782,37.945740) (6.620224,37.837931) (6.805666,37.730122) (6.977140,37.601252) (7.148615,37.472382) (7.303742,37.324236) (7.458870,37.176090) (7.595496,37.010729) (7.732122,36.845367) (7.848351,36.665083) (7.964581,36.484798) (8.047496,36.553431) (8.132683,36.623943) (8.039201,36.780107) (7.945719,36.936272) (7.834779,37.080559) (7.723839,37.224846) (7.596933,37.355312) (7.470028,37.485779) (7.328866,37.600670) (7.187704,37.715561) (7.034185,37.813330) (6.880667,37.911098) (6.716858,37.990427) (6.553049,38.069756) (6.379453,38.137779) (6.205856,38.205803) (6.024699,38.249908) (5.843542,38.294014) (5.658104,38.313400) (5.472667,38.332787) (5.286305,38.327106) (5.099943,38.321426) (4.916030,38.290779) (4.732118,38.260132) (4.553984,38.205074) (4.375850,38.150017) (4.206719,38.071545) (4.037588,37.993073) (3.880522,37.892607) (3.723456,37.792141) (3.581298,37.671501) (3.439140,37.550861) (3.530070,37.491766) (3.618575,37.434246) (3.771122,37.541061)
# Dinodo 3
(6.755816,32.536423) (6.582529,32.535397) (6.412098,32.566744) (6.241667,32.598091) (6.080087,32.660713) (5.918507,32.723335) (5.771461,32.815023) (5.624415,32.906712) (5.497077,33.024246) (5.369739,33.141781) (5.266586,33.281025) (5.163433,33.420269) (5.088095,33.576324) (5.012756,33.732380) (4.967883,33.899759) (4.923009,34.067139) (4.910178,34.239952) (4.897347,34.412766) (4.798698,34.412766) (4.697347,34.412766) (4.718168,34.225357) (4.738990,34.037949) (4.792623,33.857174) (4.846255,33.676399) (4.931009,33.507956) (5.015762,33.339512) (5.128966,33.188711) (5.242170,33.037910) (5.380257,32.909504) (5.518343,32.781097) (5.676959,32.679132) (5.835575,32.577168) (6.009723,32.504856) (6.183870,32.432545) (6.368059,32.392168) (6.552248,32.351791) (6.740675,32.344622) (6.929102,32.337452) (6.929102,32.438802) (6.929102,32.537449)
# Dinodo 4
(7.373196,35.142890) (7.373196,35.044243) (7.571309,35.062298) (7.769423,35.080353) (7.968180,35.071947) (8.166937,35.063541) (8.362818,35.028820) (8.558699,34.994099) (8.748236,34.933678) (8.937773,34.873257) (9.117610,34.788206) (9.297447,34.703156) (9.464399,34.594980) (9.631351,34.486805) (9.782464,34.357422) (9.933577,34.228039) (10.066173,34.079737) (10.198769,33.931435) (10.310501,33.766842) (10.422234,33.602249) (10.511125,33.424278) (10.600016,33.246307) (10.664490,33.058111) (10.728964,32.869915) (10.767880,32.674824) (10.806797,32.479733) (10.905445,32.479733) (11.006796,32.479733) (10.980317,32.676632) (10.953838,32.873531) (10.901843,33.065279) (10.849848,33.257027) (10.773229,33.440329) (10.696609,33.623631) (10.596682,33.795341) (10.496754,33.967052) (10.375233,34.124226) (10.253712,34.281399) (10.112685,34.421333) (9.971659,34.561268) (9.813545,34.681564) (9.655432,34.801861) (9.482948,34.900450) (9.310465,34.999039) (9.126572,35.074230) (8.942678,35.149422) (8.750533,35.199924) (8.558388,35.250427) (8.361289,35.275375) (8.164190,35.300323) (7.965521,35.299286) (7.766851,35.298248) (7.570024,35.271244) (7.373196,35.244240)
# Dinodo 5
(8.433504,29.946967) (8.503403,30.016579) (8.385180,30.135567) (8.266958,30.254555) (8.164996,30.387739) (8.063034,30.520925) (7.979023,30.666101) (7.895012,30.811279) (7.830341,30.966044) (7.765671,31.120810) (7.721414,31.282599) (7.677156,31.444389) (7.654044,31.610522) (7.630932,31.776655) (7.629348,31.944381) (7.627764,32.112106) (7.647735,32.278646) (7.667706,32.445187) (7.708900,32.607782) (7.750095,32.770378) (7.811831,32.926338) (7.873568,33.082298) (7.792705,33.138802) (7.709627,33.196854) (7.641283,33.028791) (7.572939,32.860729) (7.526768,32.685276) (7.480597,32.509823) (7.457363,32.329891) (7.434130,32.149960) (7.434219,31.968533) (7.434309,31.787106) (7.457720,31.607196) (7.481131,31.427285) (7.527476,31.251878) (7.573822,31.076470) (7.642331,30.908477) (7.710840,30.740482) (7.800377,30.582688) (7.889914,30.424894) (7.998992,30.279921) (8.108070,30.134947) (8.234880,30.005198) (8.361691,29.875448)
# Dinodo 6 parte 1
(10.591600,31.535700) (10.974000,31.408400) (11.327800,31.215500) (11.641900,30.963100) (11.906400,30.659100) (12.113000,30.313100) (12.267300,29.890500) (12.335200,29.445800) (12.314000,28.996500) (12.204700,28.560100) (12.019400,28.167200) (11.762600,27.816800) (11.443800,27.521700) (11.585000,27.380100) (11.951500,27.711700) (12.262400,28.143500) (12.448900,28.560100) (12.555500,29.012200) (12.567600,29.117400) (12.574300,29.476400) (12.560800,29.630600) (12.504600,29.935600) (12.446700,30.130900) (12.348900,30.373300) (12.230300,30.596200) (12.113000,30.773500) (11.929120,31.005800) (11.808500,31.118600) (11.533100,31.341600) (11.444500,31.400300) (11.083200,31.588500) (10.591600,31.735700)
# Dinodo 6 parte 2
(5.600000,25.000000) (5.600000,20.000000) (10.400000,20.000000) (10.400000,19.700000) (5.300000,19.700000) (5.300000,25.000000)
# Dinodo 6 parte 3
(13.500000,34.700000) (13.800000,34.700000) (13.800000,20.400000) (13.500000,20.400000)
# Dinodo 7
(8.099441,25.321149) (8.192249,25.354589) (8.067091,25.507480) (7.941933,25.660371) (7.840906,25.830176) (7.739880,25.999981) (7.665231,26.182922) (7.590582,26.365865) (7.543973,26.557875) (7.497364,26.749886) (7.479830,26.946692) (7.462296,27.143497) (7.474228,27.340723) (7.486160,27.537949) (7.527293,27.731205) (7.568426,27.924461) (7.637844,28.109451) (7.707262,28.294441) (7.803421,28.467050) (7.899580,28.639658) (8.020341,28.796045) (8.141102,28.952432) (8.283779,29.089118) (8.426456,29.225805) (8.587876,29.339752) (8.749296,29.453698) (8.925868,29.542370) (9.102440,29.631042) (9.290236,29.692466) (9.478031,29.753889) (9.672874,29.786699) (9.867718,29.819510) (9.798172,29.889474) (9.726721,29.961355) (9.537223,29.926993) (9.347725,29.892632) (9.164783,29.832446) (8.981840,29.772261) (8.808954,29.687406) (8.636068,29.602551) (8.476547,29.494648) (8.317026,29.386745) (8.173922,29.257860) (8.030817,29.128975) (7.906869,28.981575) (7.782921,28.834175) (7.680500,28.671080) (7.578079,28.507984) (7.499146,28.332314) (7.420214,28.156645) (7.366280,27.971763) (7.312346,27.786881) (7.284441,27.596326) (7.256536,27.405770) (7.255197,27.213187) (7.253857,27.020604) (7.279107,26.829679) (7.304358,26.638753) (7.355715,26.453139) (7.407072,26.267526) (7.483553,26.090775) (7.560034,25.914024) (7.660176,25.749519) (7.760319,25.585015) (7.882204,25.435905) (8.004089,25.286794)
# Dinodo 8
(10.303726,27.064381) (10.910079,26.912851) (11.516432,26.761323) (11.540348,26.857029) (11.564920,26.955357) (10.861551,27.131129) (10.158182,27.306902) (9.673291,25.366571) (9.188400,23.426241) (9.891770,23.250468) (10.595140,23.074696) (10.619712,23.173023) (10.643629,23.268728) (10.037276,23.420257) (9.430923,23.571785) (9.867325,25.318083)
# Acc parte 1
(-6.000000,43.000000) (-6.000000,45.000000) (-6.800000,45.000000) (-6.800000,43.000000)
# Acc parte 2
(-7.000000,45.100000) (-7.000000,45.800000) (-13.000000,45.800000) (-13.000000,45.100000)
# Acc parte 3
(-10.000000,46.000000) (-10.000000,50.000000) (-10.300000,50.000000) (-10.300000,46.000000)
# Acc parte 4
(6.000000,43.000000) (6.000000,45.000000) (6.800000,45.000000) (6.800000,43.000000)
# Acc parte 5
(7.000000,45.100000) (7.000000,45.800000) (13.000000,45.800000) (13.000000,45.100000)
# Acc parte 6
(10.000000,46.000000) (10.000000,50.000000) (10.300000,50.000000) (10.300000,46.000000)
# Anodo parte 1
(8.469680,22.477600) (8.663720,22.429100) (9.294030,24.951500) (9.100000,25.000000)
# Anodo parte 2
(9.266250,25.665300) (9.460290,25.616800) (9.481920,25.703400) (9.287880,25.751900)
# Anodo parte 3
(9.518190,26.673500) (9.712220,26.625100) (9.733860,26.711600) (9.539820,26.760100)
# Anodo parte 4
(9.706070,27.425400) (9.900110,27.376900) (9.997080,27.765000) (9.803050,27.813500)

